0.0019946
0.0019569
0.0024206
0.0021550
0.0021861
0.0020407
0.0020716
0.0019586
0.0020861
0.0024251
0.0021910
0.0020460
0.0024515
0.0022562
0.0024200
0.0018215
0.0019526
0.0021673
0.0020864
0.0023203
0.0019318
0.0018901
0.0019557
0.0020166
0.0020560
0.0019054
0.0020878
0.0019088
0.0021621
0.0021691
0.0023383
0.0018784
0.0018518
0.0021760
0.0020292
0.0022148
0.0019397
0.0022394
0.0021032
0.0020998
0.0027486
0.0023120
0.0023073
0.0027076
0.0024553
0.0020211
0.0020391
0.0019342
0.0020692
0.0018369
0.0024615
0.0017388
0.0022385
0.0023189
0.0026575
0.0020700
0.0019413
0.0019864
0.0019774
0.0021843
0.0020018
0.0019365
0.0021168
0.0020277
0.0020485
0.0021802
0.0026453
0.0020797
0.0022404
0.0020126
0.0022808
0.0023747
0.0018623
0.0019875
0.0021311
0.0026259
0.0016803
0.0023015
0.0019104
0.0017426
0.0022765
0.0018595
0.0022177
0.0023523
0.0021673
0.0020251
0.0024775
0.0017630
0.0018344
0.0026394
0.0024632
0.0019066
0.0024905
0.0023721
0.0020001
0.0017901
0.0019441
0.0020902
0.0025428
0.0021226
0.0020930
0.0020426
0.0021079
0.0022366
0.0020657
0.0018241
0.0023530
0.0018491
0.0020953
0.0017500
0.0018515
0.0021204
0.0022805
0.0020355
0.0019726
0.0018946
0.0020130
0.0022186
0.0021145
0.0021773
0.0021010
0.0026734
0.0021371
0.0019466
0.0022319
0.0019169
0.0022337
0.0024760
0.0020106
0.0024726
0.0021433
0.0018016
0.0022974
0.0025526
0.0021240
0.0021559
0.0025931
0.0026059
0.0022413
0.0022738
0.0024492
0.0023044
0.0021381
0.0022473
0.0019607
0.0019065
0.0017317
0.0025644
0.0026134
0.0024643
0.0017918
0.0020173
0.0020052
0.0024929
0.0020216
0.0024318
0.0026837
0.0023313
0.0020828
0.0020262
0.0020613
0.0021882
0.0020940
0.0021841
0.0019969
0.0019240
0.0020368
0.0022622
0.0019668
0.0020224
0.0021475
0.0023714
0.0021183
0.0021642
0.0021223
0.0020695
0.0029178
0.0021570
0.0023298
0.0016926
0.0020003
0.0020254
0.0020838
0.0022242
0.0022424
0.0024442
0.0019951
0.0020284
0.0020025
0.0020161
0.0019809
0.0020760
0.0022002
0.0020184
0.0017133
0.0022475
0.0023006
0.0018369
0.0021370
0.0023156
0.0024605
0.0022622
0.0024628
0.0016448
0.0021081
0.0023180
0.0019748
0.0023390
0.0018323
0.0020284
0.0018120
0.0029178
0.0022776
0.0024275
0.0029168
0.0022057
0.0021594
0.0018628
0.0024208
0.0022093
0.0020700
0.0019634
0.0018168
0.0020809
0.0021649
0.0023566
0.0018780
0.0022796
0.0019913
0.0020883
0.0019693
0.0023255
0.0021706
0.0023350
0.0021903
0.0018857
0.0019456
0.0018261
0.0026223
0.0020748
0.0021638
0.0019416
0.0023970
0.0023185
0.0019937
0.0018785
0.0019159
0.0022085
0.0021555
0.0025238
0.0023291
0.0022179
0.0020658
0.0026386
0.0023170
0.0022563
0.0020362
0.0021928
0.0024313
0.0020957
0.0023354
0.0020541
0.0017644
0.0021435
0.0020650
0.0027808
0.0021663
0.0017719
0.0021999
0.0025812
0.0020117
0.0019575
0.0017140
0.0021195
0.0019394
0.0020761
0.0025443
0.0020540
0.0022462
0.0022260
0.0016044
0.0019766
0.0018731
0.0022707
0.0019383
0.0017483
0.0020027
0.0020036
0.0020290
0.0020764
0.0020921
0.0019091
0.0020629
0.0021197
0.0019840
0.0020561
0.0020104
0.0025035
0.0019476
0.0021298
0.0020888
0.0020102
0.0023312
0.0024767
0.0022759
0.0019423
0.0019104
0.0022939
0.0018299
0.0022677
0.0023123
0.0016605
0.0019093
0.0017889
0.0022996
0.0020685
0.0020248
0.0022753
0.0024701
0.0017995
0.0023087
0.0026270
0.0019196
0.0019789
0.0022269
0.0020480
0.0018737
0.0019331
0.0023351
0.0020417
0.0023605
0.0018566
0.0022941
0.0021515
0.0029106
0.0019975
0.0021278
0.0023135
0.0020161
0.0018709
0.0022821
0.0018148
0.0023131
0.0019562
0.0022129
0.0019875
0.0025746
0.0020561
0.0022485
0.0018218
0.0022217
0.0021317
0.0022772
0.0018988
0.0022132
0.0020585
0.0019070
0.0018193
0.0019206
0.0023005
0.0025888
0.0023240
0.0022773
0.0018097
0.0021525
0.0023561
0.0021713
0.0022431
0.0019793
0.0019277
0.0021586
0.0021263
0.0025809
0.0022043
0.0024259
0.0020719
0.0023249
0.0017065
0.0022178
0.0020232
0.0023585
0.0018956
0.0018349
0.0024259
0.0019232
0.0019832
0.0023981
0.0021468
0.0020012
0.0023752
0.0023009
0.0022678
0.0020476
0.0021420
0.0025730
0.0020474
0.0020470
0.0016945
0.0021518
0.0020416
0.0023366
0.0022801
0.0021259
0.0023261
0.0020698
0.0021173
0.0018864
0.0021594
0.0019307
0.0025317
0.0023782
0.0021149
0.0025570
0.0022034
0.0021725
0.0019559
0.0021601
0.0028560
0.0020331
0.0018181
0.0023160
0.0019709
0.0021548
0.0023144
0.0021432
0.0021166
0.0021700
0.0023792
0.0022358
0.0021866
0.0024111
0.0022989
0.0022079
0.0019435
0.0019206
0.0018905
0.0022215
0.0020068
0.0023282
0.0020836
0.0019275
0.0024156
0.0025110
0.0025306
0.0024229
0.0024941
0.0024517
0.0022106
0.0015772
0.0020965
0.0019840
0.0020804
0.0021751
0.0025386
0.0020065
0.0022485
0.0022971
0.0020043
0.0020083
0.0019303
0.0019675
0.0019742
0.0018068
0.0022202
0.0023946
0.0017825
0.0017754
0.0022552
0.0024955
0.0018226
0.0021593
0.0018664
0.0020118
0.0021716
0.0025414
0.0019712
0.0024222
0.0021407
0.0020802
0.0023470
0.0020383
0.0024535
0.0023649
0.0021804
0.0022605
0.0022843
0.0022710
0.0021149
0.0016501
0.0024937
0.0024131
0.0021612
0.0022726
0.0024442
0.0025838
0.0021531
0.0018834
0.0024768
0.0018507
0.0020284
0.0021442
0.0023095
0.0020478
0.0018630
0.0018830
0.0024276
0.0020356
0.0020314
0.0022278
0.0019490
0.0021634
0.0020772
0.0021754
0.0021983
0.0021598
0.0019528
0.0018637
0.0017706
0.0021245
0.0017633
0.0021475
0.0020236
0.0022629
0.0018952
0.0021618
0.0023395
0.0019688
0.0021713
0.0020221
0.0020304
0.0021870
0.0023206
0.0021137
0.0023735
0.0022125
0.0023973
0.0018147
0.0021007
0.0020621
0.0022794
0.0027728
0.0020128
0.0018344
0.0021126
0.0020090
0.0022780
0.0024563
0.0024800
0.0023847
0.0019754
0.0019466
0.0020600
0.0022726
0.0021593
0.0024507
0.0020953
0.0025261
0.0024258
0.0021666
0.0018679
0.0020648
0.0021374
0.0025627
0.0024657
0.0020304
0.0022058
0.0020305
0.0020325
0.0019585
0.0024388
0.0020431
0.0019317
0.0018150
0.0025224
0.0019031
0.0022147
0.0022612
0.0024427
0.0021362
0.0017669
0.0022297
0.0022692
0.0023002
0.0021786
0.0019554
0.0023773
0.0023171
0.0019127
0.0021357
0.0018131
0.0018940
0.0021910
0.0020099
0.0023236
0.0019303
0.0019941
0.0020462
0.0024443
0.0021408
0.0022665
0.0024046
0.0019087
0.0020466
0.0023112
0.0020325
0.0020539
0.0018381
0.0020601
0.0022256
0.0021524
0.0020364
0.0021657
0.0021747
0.0018867
0.0024756
0.0018997
0.0019367
0.0018761
0.0021041
0.0023053
0.0022510
0.0020763
0.0021482
0.0023650
0.0019383
0.0022478
0.0021188
0.0021507
0.0020476
0.0021348
0.0020061
0.0021436
0.0023306
0.0021609
0.0025859
0.0021698
0.0017594
0.0020309
0.0021518
0.0020827
0.0018335
0.0021234
0.0020283
0.0022053
0.0020548
0.0018640
0.0017464
0.0023555
0.0017931
0.0017985
0.0021462
0.0018957
0.0021606
0.0020569
0.0021750
0.0021337
0.0022192
0.0016571
0.0020466
0.0022100
0.0021806
0.0018919
0.0026239
0.0024565
0.0024007
0.0019047
0.0022529
0.0019688
0.0017689
0.0023807
0.0018874
0.0016434
0.0025170
0.0020815
0.0020145
0.0021230
0.0022627
0.0020355
0.0027840
0.0023767
0.0022865
0.0020776
0.0020575
0.0019190
0.0023280
0.0018719
0.0023649
0.0019888
0.0020568
0.0020061
0.0020590
0.0021330
0.0021538
0.0020111
0.0023264
0.0025016
0.0022458
0.0022787
0.0024457
0.0018381
0.0022265
0.0020440
0.0022770
0.0022494
0.0029133
0.0022067
0.0024200
0.0017920
0.0021470
0.0020562
0.0018134
0.0019471
0.0021442
0.0026055
0.0022643
0.0024251
0.0021313
0.0017797
0.0019723
0.0023145
0.0019184
0.0019247
0.0020253
0.0021809
0.0020558
0.0021022
0.0023542
0.0023494
0.0020511
0.0021888
0.0022125
0.0022007
0.0020256
0.0023821
0.0024421
0.0026521
0.0019243
0.0019782
0.0023030
0.0021148
0.0019278
0.0018439
0.0021732
0.0025725
0.0023885
0.0019908
0.0024340
0.0018861
0.0020025
0.0022477
0.0022367
0.0020854
0.0021330
0.0021595
0.0018685
0.0021222
0.0026093
0.0019591
0.0021516
0.0022260
0.0026045
0.0022429
0.0021241
0.0020568
0.0022137
0.0021977
0.0024252
0.0019738
0.0021882
0.0016492
0.0019463
0.0019342
0.0020761
0.0023767
0.0018243
0.0020744
0.0023866
0.0020253
0.0018481
0.0023352
0.0022319
0.0020867
0.0025844
0.0018534
0.0025939
0.0022000
0.0023862
0.0020122
0.0023003
0.0020226
0.0022125
0.0021955
0.0016533
0.0019921
0.0020231
0.0021290
0.0022482
0.0021330
0.0022314
0.0021562
