0.0401408
0.0407010
0.0461443
0.0428050
0.0391685
0.0355000
0.0396415
0.0400189
0.0406080
0.0429294
0.0336429
0.0416703
0.0399854
0.0419071
0.0350380
0.0396571
0.0402155
0.0413245
0.0382435
0.0386260
0.0482063
0.0377936
0.0414296
0.0395645
0.0419115
0.0364775
0.0443108
0.0368561
0.0492661
0.0384284
0.0455106
0.0442542
0.0368073
0.0383318
0.0436591
0.0451377
0.0412791
0.0464595
0.0381791
0.0405842
0.0431136
0.0405884
0.0426563
0.0470924
0.0398232
0.0395704
0.0438817
0.0384972
0.0414801
0.0429274
0.0412034
0.0422999
0.0409280
0.0503204
0.0481167
0.0431996
0.0404178
0.0407494
0.0403845
0.0430873
0.0403589
0.0429756
0.0415131
0.0402502
0.0370913
0.0386059
0.0460493
0.0414244
0.0408582
0.0414058
0.0469179
0.0430216
0.0415795
0.0361949
0.0434058
0.0487543
0.0412812
0.0439949
0.0422647
0.0345037
0.0390499
0.0351405
0.0455739
0.0435650
0.0416216
0.0418584
0.0411100
0.0373948
0.0451044
0.0470508
0.0407555
0.0364447
0.0465837
0.0463842
0.0395172
0.0348627
0.0420152
0.0408298
0.0451575
0.0399722
0.0434014
0.0419262
0.0376697
0.0462004
0.0445590
0.0341997
0.0440103
0.0445708
0.0412776
0.0388185
0.0353787
0.0454235
0.0409175
0.0380868
0.0393379
0.0423741
0.0390917
0.0363872
0.0483089
0.0457677
0.0381665
0.0483110
0.0373148
0.0442153
0.0381879
0.0379419
0.0477977
0.0501617
0.0373155
0.0442073
0.0375740
0.0378339
0.0479171
0.0485339
0.0399241
0.0432869
0.0463555
0.0451547
0.0443374
0.0416093
0.0461916
0.0400828
0.0453477
0.0430879
0.0371903
0.0374310
0.0380172
0.0483564
0.0418021
0.0498248
0.0423683
0.0386543
0.0468489
0.0452225
0.0391132
0.0426559
0.0430509
0.0371730
0.0439240
0.0393526
0.0431223
0.0410260
0.0437204
0.0434302
0.0407323
0.0437958
0.0439759
0.0470937
0.0453551
0.0421829
0.0367019
0.0428583
0.0383580
0.0385905
0.0374955
0.0366700
0.0475040
0.0411342
0.0433213
0.0381100
0.0436922
0.0411170
0.0387684
0.0440979
0.0449881
0.0415113
0.0497592
0.0378321
0.0454792
0.0421478
0.0363099
0.0384628
0.0401778
0.0391231
0.0387725
0.0407889
0.0489398
0.0336170
0.0426204
0.0395200
0.0416075
0.0477107
0.0432320
0.0398181
0.0368785
0.0451406
0.0417940
0.0419761
0.0401792
0.0385191
0.0384242
0.0475040
0.0396415
0.0450652
0.0492514
0.0494647
0.0378711
0.0444090
0.0493936
0.0378795
0.0429289
0.0404134
0.0421755
0.0505596
0.0485417
0.0472726
0.0430989
0.0430256
0.0443819
0.0428583
0.0385370
0.0413487
0.0431686
0.0417085
0.0404560
0.0439351
0.0422581
0.0414617
0.0511503
0.0381694
0.0463279
0.0430130
0.0498509
0.0478013
0.0423671
0.0381040
0.0423154
0.0398101
0.0395965
0.0451296
0.0428238
0.0434922
0.0385861
0.0449370
0.0433383
0.0426867
0.0384326
0.0424217
0.0434290
0.0507603
0.0451244
0.0434960
0.0403587
0.0430168
0.0435222
0.0464112
0.0412277
0.0356854
0.0392130
0.0388786
0.0449023
0.0461699
0.0419952
0.0401029
0.0485588
0.0421777
0.0476270
0.0441780
0.0449672
0.0421886
0.0366850
0.0386580
0.0408687
0.0370239
0.0404785
0.0331982
0.0434601
0.0428489
0.0376389
0.0388914
0.0422830
0.0456771
0.0379081
0.0400260
0.0365360
0.0415300
0.0446657
0.0459888
0.0426480
0.0432885
0.0402026
0.0400640
0.0451759
0.0438112
0.0482786
0.0409176
0.0383011
0.0410791
0.0398611
0.0475391
0.0438985
0.0381340
0.0421413
0.0414830
0.0409528
0.0412945
0.0395894
0.0482988
0.0418703
0.0394232
0.0448631
0.0514728
0.0422715
0.0444022
0.0410302
0.0428354
0.0392745
0.0425044
0.0438075
0.0391683
0.0399773
0.0444735
0.0394721
0.0464363
0.0432135
0.0440652
0.0513729
0.0468699
0.0404819
0.0476818
0.0403416
0.0358830
0.0406424
0.0399853
0.0437058
0.0361949
0.0408281
0.0360508
0.0404592
0.0398040
0.0391335
0.0422037
0.0502862
0.0352863
0.0472151
0.0450368
0.0369767
0.0371560
0.0399591
0.0430155
0.0492882
0.0402152
0.0463050
0.0432571
0.0388540
0.0415522
0.0397590
0.0463249
0.0375235
0.0434019
0.0427756
0.0381731
0.0471807
0.0386489
0.0460037
0.0373518
0.0381501
0.0381617
0.0400135
0.0395927
0.0391042
0.0436880
0.0412524
0.0460037
0.0409117
0.0442041
0.0458680
0.0395243
0.0382972
0.0418773
0.0354758
0.0468135
0.0458833
0.0424529
0.0420033
0.0432633
0.0440401
0.0432116
0.0499918
0.0378595
0.0409883
0.0490944
0.0398986
0.0457658
0.0439756
0.0409082
0.0310039
0.0463251
0.0419025
0.0494655
0.0414032
0.0501181
0.0510032
0.0403541
0.0446253
0.0457418
0.0447769
0.0435380
0.0448426
0.0430600
0.0418500
0.0393362
0.0418851
0.0420952
0.0417823
0.0417618
0.0476327
0.0424222
0.0431957
0.0399573
0.0444003
0.0426916
0.0392874
0.0436254
0.0417229
0.0458724
0.0427669
0.0393568
0.0469087
0.0425259
0.0439665
0.0449943
0.0450505
0.0478088
0.0456795
0.0451213
0.0469723
0.0429887
0.0374612
0.0433708
0.0375955
0.0396865
0.0416664
0.0461343
0.0432103
0.0473084
0.0428194
0.0414526
0.0390581
0.0424652
0.0408269
0.0364452
0.0366570
0.0379165
0.0485011
0.0409176
0.0393896
0.0437345
0.0463371
0.0377358
0.0405687
0.0380595
0.0438815
0.0467385
0.0430401
0.0313289
0.0463672
0.0506155
0.0410837
0.0433954
0.0459427
0.0499291
0.0488780
0.0413892
0.0476546
0.0465478
0.0334479
0.0439464
0.0422584
0.0461214
0.0436627
0.0434662
0.0421555
0.0494670
0.0457259
0.0442379
0.0475477
0.0452097
0.0423615
0.0388637
0.0397878
0.0429111
0.0448277
0.0404007
0.0392016
0.0465636
0.0387419
0.0398889
0.0390943
0.0468808
0.0452648
0.0440525
0.0437553
0.0402060
0.0461267
0.0442376
0.0383598
0.0389028
0.0424202
0.0431502
0.0367019
0.0362587
0.0448455
0.0363524
0.0446170
0.0450882
0.0401162
0.0415835
0.0399674
0.0403628
0.0477886
0.0417858
0.0384245
0.0450412
0.0456450
0.0437779
0.0383443
0.0435308
0.0460963
0.0463327
0.0380634
0.0399132
0.0380380
0.0404295
0.0444243
0.0414577
0.0465255
0.0467208
0.0391507
0.0409825
0.0356144
0.0446964
0.0421555
0.0433742
0.0461593
0.0397519
0.0445143
0.0455756
0.0413155
0.0457905
0.0416981
0.0384821
0.0429849
0.0485341
0.0361084
0.0411863
0.0389813
0.0438132
0.0426672
0.0476376
0.0402482
0.0382346
0.0381210
0.0467018
0.0366980
0.0453058
0.0400544
0.0458638
0.0436062
0.0385219
0.0386287
0.0431750
0.0465444
0.0431189
0.0356664
0.0404297
0.0409750
0.0391381
0.0420538
0.0420714
0.0373889
0.0456786
0.0410010
0.0412622
0.0423531
0.0389533
0.0417299
0.0466617
0.0431868
0.0414213
0.0426152
0.0363589
0.0371105
0.0384575
0.0460999
0.0403001
0.0387443
0.0411858
0.0433801
0.0385291
0.0410078
0.0357907
0.0435405
0.0375171
0.0480181
0.0411850
0.0354730
0.0374989
0.0425792
0.0483569
0.0429437
0.0372653
0.0395212
0.0483373
0.0404785
0.0399657
0.0438358
0.0445833
0.0458833
0.0404355
0.0389382
0.0470004
0.0447115
0.0358235
0.0466553
0.0434358
0.0423464
0.0402650
0.0448359
0.0422316
0.0391915
0.0443928
0.0452104
0.0451203
0.0420529
0.0401966
0.0350159
0.0437770
0.0357246
0.0445365
0.0447321
0.0381044
0.0467298
0.0431917
0.0388954
0.0437393
0.0438727
0.0383199
0.0351656
0.0395396
0.0389753
0.0432337
0.0510228
0.0416135
0.0503406
0.0417164
0.0423511
0.0376261
0.0442874
0.0449666
0.0397424
0.0356497
0.0453805
0.0415811
0.0355022
0.0421255
0.0463979
0.0464469
0.0477578
0.0436164
0.0465065
0.0460594
0.0432351
0.0427249
0.0459293
0.0418957
0.0448174
0.0417950
0.0457755
0.0409062
0.0367272
0.0470441
0.0478768
0.0379545
0.0451885
0.0418068
0.0390573
0.0431622
0.0468021
0.0408254
0.0419168
0.0454143
0.0473792
0.0424437
0.0440006
0.0408859
0.0407264
0.0489336
0.0406924
0.0385080
0.0364904
0.0405521
0.0397878
0.0484621
0.0442390
0.0437802
0.0386578
0.0432719
0.0399417
0.0414852
0.0389718
0.0416592
0.0490061
0.0415878
0.0408728
0.0479203
0.0418228
0.0483094
0.0442631
0.0416302
0.0411914
0.0404265
0.0424691
0.0452320
0.0421224
0.0443243
0.0413358
0.0383761
0.0479953
0.0353963
0.0426502
0.0462776
0.0365462
0.0450350
0.0474701
0.0441922
0.0370331
0.0408495
0.0400026
0.0507324
0.0523130
0.0449081
0.0413173
0.0420118
0.0473689
0.0380493
0.0418995
0.0435467
0.0345391
0.0381047
0.0448217
0.0477222
0.0447963
0.0360562
0.0413292
0.0477481
0.0432813
0.0398235
0.0484832
0.0411234
0.0404839
0.0398455
0.0410530
0.0436164
0.0507811
0.0394411
0.0422430
0.0433101
0.0418759
0.0461929
0.0381879
0.0445402
0.0472393
0.0377651
0.0458728
0.0435469
0.0383210
0.0484347
0.0475528
0.0378566
0.0431995
0.0443065
0.0388889
0.0413278
0.0403815
0.0476235
0.0432322
0.0438691
0.0427340
0.0433514
