0.0022261
0.0021199
0.0022690
0.0019296
0.0021868
0.0022815
0.0021991
0.0018399
0.0019429
0.0020589
0.0020868
0.0020262
0.0020163
0.0021516
0.0021976
0.0020717
0.0019137
0.0022963
0.0022193
0.0020555
0.0019252
0.0020267
0.0022505
0.0020433
0.0022104
0.0022327
0.0022857
0.0019112
0.0020498
0.0019674
0.0020688
0.0019706
0.0021399
0.0021265
0.0019625
0.0021593
0.0020666
0.0019766
0.0021912
0.0020056
0.0020590
0.0020805
0.0021535
0.0020680
0.0021870
0.0019476
0.0022573
0.0020378
0.0019459
0.0021362
