0.0470387
0.0432408
0.0487728
0.0377959
0.0455543
0.0493030
0.0460084
0.0356845
0.0381310
0.0413293
0.0421808
0.0403740
0.0400918
0.0443061
0.0459532
0.0417137
0.0374040
0.0499472
0.0467749
0.0412285
0.0376872
0.0403870
0.0480109
0.0408680
0.0464351
0.0472949
0.0494870
0.0373421
0.0410590
0.0387632
0.0416267
0.0388492
0.0439061
0.0434588
0.0386366
0.0445749
0.0415605
0.0390083
0.0457151
0.0397946
0.0413329
0.0419857
0.0443726
0.0416017
0.0455627
0.0382512
0.0482854
0.0407074
0.0382087
0.0437806
