0.0022531
0.0021497
0.0022980
0.0019808
0.0022137
0.0023115
0.0022259
0.0019047
0.0019922
0.0020939
0.0021191
0.0020648
0.0020560
0.0021796
0.0022244
0.0021054
0.0019672
0.0023277
0.0022462
0.0020909
0.0019770
0.0020652
0.0022784
0.0020800
0.0022372
0.0022598
0.0023161
0.0019651
0.0020858
0.0020133
0.0021028
0.0020161
0.0021685
0.0021559
0.0020091
0.0021870
0.0021008
0.0020213
0.0022180
0.0020466
0.0020940
0.0021134
0.0021814
0.0021021
0.0022139
0.0019963
0.0022855
0.0020750
0.0019948
0.0021649
